error = {
'RHC': [
95.628,
95.626,
95.626,
95.626,
95.628,
95.624,
94.716,
94.700,
94.689,
94.782,
94.953,
94.684,
97.692,
94.699,
94.683,
94.693,
95.582,
94.683,
94.682,
94.694,
94.682,
94.685,
94.682,
94.709,
94.686,
94.689,
94.682,
92.928,
92.928,
92.842,
92.878,
93.241,
92.842,
92.836,
92.836,
92.836,
92.836,
92.844,
92.836,
92.836,
92.826,
92.826,
92.827,
92.826,
92.802,
92.802,
92.799,
92.795,
92.786,
92.715,
92.717,
92.715,
92.992,
92.725,
92.715,
92.716,
92.732,
92.715,
92.715,
92.714,
92.714,
92.715,
90.905,
91.090,
90.899,
90.896,
90.896,
90.896,
90.896,
90.881,
90.894,
90.880,
91.185,
90.880,
90.880,
90.879,
90.784,
90.788,
90.784,
90.785,
90.783,
91.813,
90.787,
90.828,
90.783,
90.594,
87.330,
87.336,
87.330,
87.330,
87.330,
87.330,
87.331,
87.330,
87.328,
87.328,
87.343,
87.330,
87.328,
87.329,
87.037,
87.037,
88.564,
87.024,
87.014,
86.989,
87.001,
86.985,
86.986,
86.985,
86.976,
86.976,
88.265,
86.931,
86.934,
87.002,
87.342,
87.018,
86.931,
88.716,
86.930,
86.978,
91.719,
86.854,
86.784,
86.784,
86.784,
86.784,
91.568,
86.696,
86.696,
86.705,
86.928,
86.748,
86.152,
86.100,
86.098,
86.098,
86.106,
86.098,
86.095,
86.095,
86.129,
86.094,
86.092,
86.092,
86.092,
86.089,
86.089,
86.089,
85.931,
85.930,
86.068,
85.930,
85.946,
85.930,
85.919,
85.934,
85.887,
85.874,
85.876,
87.638,
85.874,
85.702,
85.702,
84.317,
84.183,
84.183,
84.183,
84.122,
84.097,
84.099,
84.064,
84.064,
84.061,
84.063,
84.061,
84.060,
84.023,
84.023,
84.023,
84.022,
84.022,
84.022,
84.022,
84.022,
84.022,
84.028,
84.022,
84.031,
84.403,
84.023,
84.023,
84.022,
84.022,
84.029,
84.022,
84.030,
84.022,
88.348,
84.066,
86.218,
84.005,
84.005,
84.005,
84.005,
84.007,
84.042,
85.447,
84.005,
84.006,
84.005,
84.005,
84.090,
84.010,
84.826,
84.005,
83.972,
83.972,
85.919,
83.973,
83.993,
83.972,
83.972,
83.972,
83.992,
83.972,
83.972,
83.972,
83.972,
83.972,
83.972,
83.991,
83.966,
83.967,
83.960,
83.960,
83.960,
83.960,
83.960,
83.982,
83.960,
83.960,
83.960,
83.960,
83.986,
88.286,
83.960,
83.960,
83.960,
83.960,
83.960,
84.560,
83.960,
83.960,
83.926,
83.914,
83.916,
83.914,
83.918,
83.914,
83.915,
83.914,
83.914,
85.835,
83.914,
83.914,
83.914,
83.914,
83.914,
83.915,
83.916,
83.926,
83.914,
83.914,
83.855,
83.855,
83.855,
83.855,
83.905,
83.855,
83.850,
83.982,
83.839,
83.845,
83.791,
83.785,
83.786,
83.800,
83.793,
83.863,
83.785,
83.772,
83.772,
83.770,
83.770,
83.826,
83.770,
83.770,
83.770,
83.770,
83.770,
83.769,
84.511,
83.771,
83.769,
83.770,
83.769,
83.794,
83.769,
84.393,
84.578,
83.766,
83.763,
83.762,
83.762,
83.772,
83.763,
83.789,
83.793,
83.762,
83.757,
83.759,
83.757,
83.757,
83.757,
83.758,
83.770,
83.758,
83.761,
83.616,
83.616,
83.628,
83.617,
83.616,
83.604,
83.604,
83.604,
83.647,
83.604,
83.604,
83.612,
83.618,
83.597,
83.597,
83.597,
83.597,
83.594,
83.594,
83.595,
85.061,
83.604,
83.582,
83.586,
83.582,
83.769,
83.582,
83.583,
83.581,
83.580,
83.580,
85.022,
83.580,
83.580,
83.821,
83.580,
83.580,
83.483,
83.483,
83.483,
83.484,
83.442,
83.443,
83.442,
83.443,
83.442,
83.442,
83.441,
83.441,
83.441,
83.441,
83.450,
83.441,
83.442,
83.443,
83.415,
83.411,
83.411,
83.421,
83.411,
83.411,
83.411,
83.411,
83.411,
83.377,
83.394,
83.407,
83.377,
83.377,
83.377,
83.384,
83.378,
83.377,
83.451,
83.377,
83.377,
83.397,
83.377,
83.377,
83.377,
83.377,
85.652,
83.377,
83.377,
83.378,
83.410,
86.472,
83.376,
83.376,
83.376,
83.376,
83.376,
83.376,
81.953,
81.952,
83.427,
82.009,
81.952,
81.940,
81.936,
81.936,
81.937,
81.936,
81.952,
81.938,
81.936,
81.964,
81.927,
81.932,
81.927,
81.559,
81.559,
81.553,
82.575,
81.548,
81.498,
81.498,
81.498,
81.550,
81.561,
81.876,
81.498,
81.498,
81.858,
81.498,
81.505,
81.498,
81.498,
81.498,
81.489,
81.486,
81.579,
81.701,
81.498,
83.335,
81.412,
81.529,
81.412,
81.408,
81.420,
81.402,
81.402,
81.401,
81.409,
81.399,
81.399,
81.399,
81.399,
81.399,
81.399,
81.408,
81.389,
81.389,
81.389,
81.390,
81.380,
81.380,
81.377,
81.388,
81.381,
81.431,
81.313,
81.313,
81.314,
82.699,
81.313,
81.313,
81.313,
81.322,
81.313,
81.312,
81.312,
81.312,
82.531,
81.324,
81.312,
81.313,
81.321,
81.297,
81.297,
81.297,
81.312,
81.297,
81.297,
81.864,
81.288,
81.290,
81.288,
81.311,
81.289,
81.271,
81.271,
81.270,
81.364,
81.270,
82.583,
81.276,
82.558,
81.270,
81.270,
81.270,
81.245,
81.246,
81.263,
83.637,
81.253,
81.245,
81.244,
82.067,
81.240,
81.240,
81.253,
81.250,
81.240,
81.241,
81.258,
81.357,
81.240,
81.231,
81.231,
81.235,
81.231,
81.231,
81.234,
81.211,
81.211,
81.211,
81.211,
81.211,
81.212,
81.211,
81.184,
81.184,
81.185,
81.169,
81.176,
81.167,
81.167,
83.255,
81.167,
81.078,
81.097,
81.065,
81.067,
81.065,
81.065,
81.065,
81.065,
81.064,
81.064,
83.984,
81.064,
81.064,
81.029,
81.043,
81.029,
81.028,
81.314,
81.028,
81.028,
81.017,
80.975,
80.975,
80.978,
80.975,
80.969,
80.969,
80.747,
80.747,
80.745,
80.762,
80.745,
80.747,
80.823,
80.745,
80.745,
80.745,
80.745,
80.745,
80.733,
80.733,
80.733,
80.711,
80.711,
80.711,
80.711,
80.711,
80.702,
80.702,
80.702,
80.701,
81.537,
80.701,
80.714,
80.701,
80.701,
80.701,
80.701,
80.701,
80.714,
80.703,
80.701,
80.701,
80.701,
80.683,
80.683,
80.683,
80.687,
80.683,
80.683,
80.683,
80.683,
80.683,
80.683,
80.683,
80.683,
80.683,
80.683,
80.683,
80.928,
82.972,
80.693,
80.719,
80.684,
80.683,
80.676,
80.676,
80.589,
80.548,
80.520,
80.518,
80.518,
80.518,
83.610,
80.520,
79.669,
79.669,
79.669,
79.673,
79.665,
79.665,
79.657,
79.661,
79.653,
79.653,
79.653,
79.653,
79.647,
79.628,
79.628,
79.628,
79.626,
79.626,
79.626,
79.665,
79.727,
79.683,
79.627,
79.648,
80.284,
79.622,
79.622,
79.622,
79.623,
79.622,
79.622,
79.653,
79.772,
79.622,
79.621,
79.613,
79.613,
79.609,
79.714,
79.609,
80.151,
79.609,
79.553,
79.553,
79.553,
82.336,
79.553,
79.507,
79.507,
79.498,
79.617,
79.498,
79.497,
79.496,
79.496,
79.502,
79.495,
82.945,
79.479,
79.450,
79.488,
79.437,
79.437,
79.437,
79.390,
79.390,
79.395,
79.390,
79.391,
79.191,
79.689,
79.893,
79.910,
79.191,
79.197,
79.193,
79.191,
79.192,
79.191,
79.152,
79.176,
79.154,
79.152,
79.154,
79.703,
79.152,
79.152,
79.152,
79.152,
80.447,
79.157,
79.052,
79.052,
79.052,
79.052,
79.052,
79.058,
79.052,
79.052,
79.051,
79.051,
79.051,
79.051,
79.055,
79.051,
79.051,
79.058,
79.051,
79.020,
79.020,
78.993,
78.993,
81.824,
79.000,
78.993,
78.993,
78.992,
79.508,
78.992,
78.938,
78.966,
78.938,
78.938,
78.938,
78.938,
78.934,
79.034,
78.934,
79.391,
78.929,
78.930,
78.929,
78.929,
78.945,
78.929,
78.927,
78.927,
78.927,
78.927,
78.927,
78.927,
78.929,
78.930,
78.927,
81.073,
78.927,
78.927,
80.470,
78.923,
78.923,
81.986,
78.923,
78.923,
78.907,
78.786,
78.931,
79.397,
78.786,
78.785,
78.784,
78.783,
78.783,
82.073,
78.783,
78.783,
78.783,
80.025,
78.839,
78.785,
79.405,
78.783,
78.786,
78.783,
78.783,
78.783,
78.765,
78.765,
78.765,
78.761,
78.763,
78.761,
78.761,
78.762,
78.761,
78.838,
78.761,
78.761,
78.759,
78.904,
78.759,
78.772,
78.760,
78.759,
78.759,
78.761,
78.761,
78.759,
78.762,
78.759,
78.856,
78.759,
78.759,
78.724,
78.724,
78.733,
78.724,
78.724,
78.724,
78.700,
78.710,
78.700,
78.700,
78.700,
78.697,
78.697,
79.595,
78.694,
78.692,
78.692,
78.692,
78.692,
78.692,
79.332,
78.699,
78.696,
78.693,
78.692,
78.692,
78.692,
78.692,
78.692,
78.692,
82.025,
78.692,
81.337,
78.693,
78.692,
78.700,
78.692,
78.698,
79.626,
78.692,
78.698,
78.615,
81.841,
78.616,
78.610,
78.610,
78.609,
78.609,
78.609,
78.609,
78.609,
78.609,
78.617,
78.609,
78.609,
78.609,
78.612,
78.611,
78.609,
78.609,
78.609,
78.611,
78.609,
78.609,
78.609,
78.609,
78.609,
78.609,
78.609,
78.609,
78.609,
78.607,
79.011,
78.607,
80.627,
78.579,
78.579,
78.676,
78.577,
78.577,
78.577,
78.731,
78.576,
78.576,
78.575,
78.575,
78.575,
78.575,
78.568,
78.568,
78.568,
79.108,
78.569,
78.568,
78.537,
78.537,
78.537,
78.559,
80.823,
78.530,
80.228,
78.530,
78.534,
78.530,
78.530,
78.547,
78.526,
78.543,
78.526,
78.507,
78.507,
78.507,
78.507,
78.507,
78.510,
78.507,
78.507,
78.507,
78.507,
78.485,
78.485,
78.496,
80.568,
78.643,
78.485,
78.526,
78.485,
78.485,
78.485,
78.485,
78.485,
78.485,
78.485,
],

'SA': [
139.309,
172.026,
173.350,
173.350,
173.346,
173.346,
176.010,
176.010,
176.010,
176.010,
176.010,
176.010,
175.723,
175.729,
175.729,
175.593,
175.587,
175.587,
175.587,
175.587,
177.299,
177.299,
177.299,
177.299,
178.194,
178.268,
178.268,
178.268,
178.268,
178.268,
177.754,
206.356,
206.356,
206.990,
206.990,
206.990,
168.187,
168.187,
170.128,
170.220,
170.220,
170.220,
170.220,
170.220,
170.220,
138.557,
138.667,
154.660,
154.660,
154.607,
154.607,
154.607,
174.696,
174.696,
174.712,
174.712,
174.717,
174.714,
174.714,
170.768,
170.768,
170.768,
170.768,
170.768,
170.742,
170.742,
170.742,
170.742,
170.774,
170.774,
170.774,
170.778,
162.926,
163.541,
163.539,
163.527,
163.527,
163.527,
163.527,
165.078,
165.080,
165.080,
165.080,
165.080,
165.080,
165.080,
165.080,
165.080,
165.080,
165.073,
165.045,
159.825,
159.842,
159.961,
159.961,
159.671,
159.923,
159.923,
160.021,
160.021,
159.821,
159.821,
159.819,
159.819,
159.819,
159.841,
159.841,
158.005,
158.005,
158.005,
157.988,
157.988,
157.989,
157.989,
157.991,
157.991,
157.991,
155.538,
155.527,
155.527,
155.151,
155.124,
155.124,
155.306,
155.318,
155.318,
155.117,
157.555,
157.555,
157.555,
157.555,
157.555,
157.555,
157.557,
157.564,
157.885,
157.885,
157.885,
157.845,
160.903,
160.919,
160.916,
160.899,
160.899,
160.899,
160.899,
160.885,
160.875,
160.875,
151.255,
151.255,
151.424,
151.424,
190.551,
185.458,
184.941,
184.960,
184.987,
184.917,
184.917,
184.917,
184.920,
184.855,
184.990,
184.990,
184.990,
184.951,
184.951,
184.951,
184.872,
184.475,
184.102,
184.920,
185.697,
185.696,
185.696,
185.696,
185.696,
185.696,
185.691,
185.765,
225.447,
225.447,
225.447,
225.447,
225.459,
225.226,
221.621,
221.621,
221.621,
221.621,
220.996,
220.996,
220.996,
220.996,
198.849,
198.849,
198.849,
198.849,
198.849,
198.849,
198.849,
198.849,
187.735,
187.735,
187.625,
187.625,
187.625,
187.625,
188.286,
188.286,
155.581,
155.581,
155.581,
155.581,
155.581,
155.581,
155.535,
182.694,
182.742,
182.742,
182.709,
182.708,
182.708,
182.708,
182.708,
150.422,
150.422,
150.089,
150.089,
150.089,
129.935,
129.935,
129.935,
129.935,
129.935,
129.935,
129.935,
129.935,
129.935,
129.935,
130.124,
130.140,
130.140,
130.053,
130.053,
112.436,
112.436,
112.436,
112.436,
112.436,
112.436,
114.749,
114.749,
114.749,
114.749,
115.563,
115.563,
115.563,
115.616,
115.616,
115.616,
115.616,
115.616,
93.103,
93.103,
93.103,
93.103,
93.103,
88.736,
88.736,
88.736,
88.736,
88.736,
88.736,
88.736,
88.736,
88.736,
88.736,
88.737,
88.737,
88.737,
88.737,
88.738,
88.738,
88.740,
88.740,
88.740,
88.740,
88.743,
88.743,
88.747,
88.747,
88.747,
88.747,
88.747,
88.747,
88.747,
88.747,
88.747,
88.747,
88.747,
88.747,
88.747,
88.747,
88.747,
88.747,
88.747,
88.747,
89.213,
89.213,
88.800,
88.800,
88.800,
88.800,
88.800,
88.800,
88.800,
88.789,
88.789,
88.789,
88.790,
88.790,
88.790,
88.790,
88.790,
88.788,
88.788,
91.444,
91.444,
90.274,
90.274,
90.274,
90.274,
90.274,
90.273,
90.273,
90.273,
90.271,
90.271,
90.271,
90.271,
90.271,
90.271,
90.271,
90.270,
90.270,
90.270,
90.270,
90.270,
90.270,
90.270,
90.270,
90.270,
90.270,
90.270,
90.270,
90.268,
90.268,
90.268,
90.268,
90.268,
90.268,
90.268,
90.268,
90.268,
90.268,
90.268,
90.268,
86.215,
86.215,
86.215,
86.215,
86.272,
86.562,
86.562,
86.562,
86.562,
86.562,
86.562,
86.562,
86.562,
86.562,
96.222,
96.222,
96.222,
96.222,
96.107,
96.107,
95.083,
95.083,
95.083,
95.083,
95.083,
99.783,
99.783,
103.892,
103.893,
103.893,
103.893,
103.893,
103.893,
103.893,
103.893,
103.792,
103.540,
103.540,
103.540,
103.540,
103.540,
102.924,
102.924,
102.924,
102.924,
102.924,
102.924,
102.924,
102.924,
102.924,
102.542,
102.542,
102.489,
102.489,
102.489,
102.489,
102.489,
102.489,
102.489,
102.489,
102.489,
102.489,
102.489,
102.489,
102.489,
102.490,
102.478,
102.686,
103.018,
103.018,
103.018,
103.018,
103.019,
103.019,
103.019,
103.019,
103.019,
103.358,
103.358,
103.358,
103.358,
103.358,
103.358,
103.358,
103.261,
103.261,
100.173,
100.173,
100.181,
100.181,
100.186,
100.187,
103.048,
103.048,
103.048,
103.048,
103.048,
103.048,
103.048,
103.048,
103.048,
105.866,
105.866,
105.860,
105.860,
105.860,
97.425,
97.425,
97.425,
97.425,
97.425,
97.425,
97.425,
97.425,
97.424,
97.424,
97.424,
97.424,
97.424,
97.546,
97.546,
95.038,
95.134,
95.077,
95.077,
95.066,
95.499,
95.499,
95.499,
95.519,
95.519,
95.519,
95.512,
95.512,
95.488,
95.488,
95.545,
95.543,
95.501,
95.501,
95.501,
95.501,
95.501,
95.501,
95.434,
95.434,
95.403,
95.403,
95.396,
95.396,
95.396,
95.476,
95.530,
96.193,
96.193,
96.193,
96.193,
96.092,
96.036,
96.036,
96.036,
96.036,
96.028,
96.028,
96.028,
96.491,
96.491,
96.491,
96.491,
96.491,
96.657,
96.652,
91.583,
91.538,
91.538,
91.538,
91.538,
91.538,
91.538,
91.538,
91.571,
91.571,
91.584,
91.584,
91.584,
91.584,
91.584,
91.584,
91.557,
91.557,
91.557,
91.557,
91.557,
91.557,
91.543,
91.575,
91.584,
91.584,
91.584,
95.856,
95.856,
95.856,
95.856,
95.856,
95.856,
95.856,
95.856,
95.856,
95.856,
95.856,
95.856,
95.856,
95.854,
95.844,
95.844,
95.844,
95.844,
95.844,
93.986,
93.986,
93.986,
93.986,
93.986,
93.986,
93.986,
93.986,
93.986,
93.986,
93.987,
93.987,
93.994,
94.016,
94.016,
94.016,
94.016,
94.016,
96.235,
96.235,
96.235,
96.235,
96.235,
96.235,
96.235,
96.235,
96.235,
96.235,
96.175,
96.175,
96.175,
96.166,
96.166,
93.930,
93.930,
93.930,
93.930,
93.931,
93.931,
93.923,
93.923,
93.926,
93.926,
93.926,
93.926,
94.797,
94.796,
94.796,
94.796,
107.403,
94.796,
94.796,
94.796,
94.796,
94.796,
94.796,
94.796,
94.796,
94.796,
94.796,
96.860,
96.864,
96.864,
96.864,
96.864,
96.864,
92.412,
92.412,
92.412,
92.410,
92.410,
92.410,
92.410,
92.408,
93.222,
92.408,
92.408,
92.270,
92.270,
92.270,
92.270,
92.270,
92.262,
92.262,
92.262,
92.262,
92.262,
92.256,
92.256,
92.256,
92.367,
92.367,
92.367,
92.367,
92.367,
92.367,
92.367,
92.367,
92.367,
92.367,
92.367,
92.368,
92.368,
92.367,
93.979,
92.361,
92.362,
92.332,
92.422,
92.422,
92.422,
92.422,
92.422,
92.409,
92.409,
92.409,
92.409,
92.409,
92.409,
92.409,
92.409,
87.858,
87.789,
87.793,
87.793,
87.793,
87.793,
87.792,
87.792,
87.792,
87.792,
87.792,
87.792,
87.792,
87.791,
87.852,
87.853,
87.853,
87.853,
87.853,
87.853,
88.001,
87.853,
87.853,
87.853,
87.853,
87.853,
87.852,
87.798,
87.798,
87.755,
87.683,
87.670,
87.764,
87.658,
87.658,
87.658,
87.658,
87.658,
87.658,
87.658,
87.658,
87.654,
87.654,
87.654,
87.654,
87.654,
87.654,
87.654,
87.654,
87.654,
87.659,
87.660,
87.660,
86.203,
86.203,
86.203,
86.203,
86.203,
86.203,
86.203,
86.203,
86.203,
86.203,
86.203,
86.203,
86.203,
86.203,
86.203,
86.203,
86.203,
86.203,
86.203,
86.203,
86.203,
86.203,
86.203,
86.203,
86.203,
86.259,
86.203,
86.203,
85.627,
85.627,
85.621,
85.621,
85.621,
85.621,
85.614,
85.614,
85.614,
85.614,
85.612,
85.604,
85.604,
85.606,
85.604,
85.604,
85.604,
85.604,
85.604,
85.604,
85.604,
85.604,
85.604,
86.053,
85.604,
85.604,
85.604,
85.604,
85.604,
85.604,
85.604,
87.972,
85.604,
85.604,
85.540,
85.540,
85.540,
87.835,
85.472,
85.485,
85.472,
85.472,
85.472,
85.472,
85.470,
85.470,
85.470,
85.470,
85.470,
85.470,
85.469,
85.469,
85.469,
85.469,
85.469,
85.469,
85.469,
85.469,
85.545,
85.469,
85.469,
85.469,
85.469,
85.469,
85.469,
85.469,
85.469,
85.469,
85.469,
85.469,
85.469,
85.469,
85.469,
85.503,
85.469,
85.469,
85.469,
85.469,
85.469,
85.469,
85.469,
85.469,
85.469,
85.469,
85.469,
85.469,
85.469,
85.469,
85.469,
85.468,
85.468,
85.468,
85.468,
85.468,
85.468,
85.469,
85.469,
85.469,
85.469,
85.469,
85.469,
85.469,
85.469,
85.469,
85.469,
85.469,
85.469,
85.469,
86.971,
85.469,
85.725,
85.462,
85.548,
85.462,
85.462,
85.462,
85.462,
85.462,
85.462,
85.462,
85.223,
85.223,
85.223,
85.223,
85.223,
85.223,
85.223,
85.223,
85.223,
85.224,
85.223,
85.223,
85.223,
85.223,
85.223,
85.223,
85.223,
85.223,
85.223,
85.223,
85.224,
85.223,
85.223,
85.223,
84.595,
84.595,
84.595,
84.595,
84.595,
84.595,
84.595,
84.595,
84.595,
84.595,
84.596,
84.619,
84.595,
84.595,
84.595,
84.594,
87.743,
84.594,
84.594,
84.594,
84.594,
84.594,
84.594,
84.594,
84.594,
84.594,
84.594,
84.593,
84.593,
84.593,
84.593,
84.593,
84.593,
84.593,
84.593,
84.593,
84.593,
84.593,
84.593,
84.593,
84.593,
84.593,
84.593,
84.593,
84.593,
84.593,
84.593,
84.593,
84.593,
84.593,
84.593,
84.593,
84.593,
84.593,
84.448,
84.447,
84.447,
84.447,
84.447,
84.447,
85.660,
84.447,
84.447,
84.447,
84.447,
84.447,
84.447,
],

'GA': [
113.343,
141.086,
100.426,
163.282,
88.778,
88.084,
105.838,
128.037,
104.430,
88.630,
171.902,
172.432,
166.323,
92.510,
88.023,
128.043,
86.593,
88.103,
122.291,
115.073,
119.174,
94.811,
98.585,
170.311,
85.765,
105.142,
99.713,
94.852,
92.364,
156.788,
87.344,
87.269,
87.628,
87.481,
85.975,
87.068,
94.783,
92.668,
91.691,
83.943,
98.705,
86.013,
93.721,
86.721,
95.226,
87.076,
86.545,
100.220,
89.451,
98.093,
84.255,
88.013,
84.538,
84.946,
87.861,
83.605,
83.263,
86.046,
83.217,
84.497,
83.134,
85.560,
84.168,
84.936,
86.798,
92.772,
85.736,
86.245,
85.626,
87.835,
84.756,
87.303,
84.938,
84.438,
84.369,
85.971,
86.111,
84.977,
86.639,
82.965,
86.265,
87.015,
86.233,
86.007,
85.142,
85.218,
83.133,
90.018,
87.836,
83.969,
83.646,
85.796,
83.772,
83.219,
84.877,
86.469,
85.470,
85.081,
84.005,
90.781,
86.231,
86.743,
85.286,
84.432,
85.184,
92.440,
85.812,
86.225,
84.303,
85.285,
83.227,
86.268,
84.952,
83.960,
86.578,
89.168,
87.334,
85.459,
83.654,
85.880,
85.521,
81.595,
85.474,
84.982,
83.351,
84.711,
85.667,
83.764,
85.253,
83.774,
83.802,
84.506,
83.267,
87.324,
85.465,
80.402,
84.399,
83.082,
87.582,
92.309,
85.043,
84.716,
86.677,
83.544,
89.598,
85.515,
84.548,
85.060,
85.639,
84.220,
86.247,
86.979,
84.863,
84.832,
87.542,
85.433,
86.359,
83.772,
84.167,
86.846,
83.524,
84.771,
84.297,
83.038,
84.986,
83.011,
85.245,
84.449,
85.295,
84.570,
84.578,
81.495,
85.661,
84.835,
83.482,
86.726,
85.392,
85.788,
84.370,
86.953,
85.355,
82.997,
83.286,
83.528,
84.301,
82.842,
82.262,
85.817,
86.837,
85.580,
87.170,
87.988,
83.257,
84.529,
82.425,
91.154,
82.729,
83.324,
82.171,
83.720,
85.881,
86.572,
84.354,
83.378,
83.411,
84.735,
85.500,
84.466,
83.621,
84.517,
81.889,
82.500,
85.282,
84.483,
83.825,
84.505,
84.468,
83.017,
86.321,
83.813,
83.384,
85.245,
81.832,
82.651,
82.406,
84.151,
83.085,
82.976,
84.801,
83.828,
83.080,
83.303,
86.286,
81.662,
84.867,
81.801,
83.667,
81.748,
83.747,
82.647,
83.335,
82.592,
83.389,
83.386,
83.648,
84.024,
87.370,
81.904,
81.762,
85.247,
84.778,
85.033,
82.282,
81.952,
83.861,
83.832,
83.416,
82.706,
83.322,
85.487,
82.273,
82.192,
82.068,
81.815,
82.401,
83.813,
83.982,
81.707,
84.002,
85.057,
85.441,
82.710,
83.665,
82.543,
82.376,
81.749,
83.548,
82.132,
82.208,
84.156,
81.719,
83.979,
82.774,
82.596,
81.859,
83.473,
82.708,
82.415,
83.912,
86.967,
83.594,
82.205,
83.362,
82.439,
82.148,
81.842,
82.222,
81.549,
81.819,
81.742,
82.113,
81.758,
82.905,
81.685,
82.417,
81.947,
82.156,
82.484,
83.588,
81.913,
82.615,
82.284,
83.461,
82.541,
86.171,
82.266,
82.005,
84.055,
82.132,
84.829,
82.412,
82.487,
85.051,
82.341,
81.589,
82.996,
82.835,
82.960,
85.549,
81.987,
82.075,
81.621,
84.503,
81.412,
82.497,
84.330,
81.455,
83.059,
82.907,
83.003,
82.522,
82.286,
83.916,
81.594,
85.774,
82.101,
81.949,
83.334,
81.360,
82.633,
81.846,
84.507,
81.798,
82.923,
83.132,
90.433,
82.399,
83.876,
83.387,
84.054,
81.848,
81.701,
84.368,
83.838,
83.839,
82.311,
83.651,
82.401,
83.934,
81.760,
82.291,
84.364,
82.832,
81.691,
81.763,
82.825,
82.903,
83.431,
82.757,
85.026,
82.906,
84.452,
83.967,
82.566,
82.525,
83.070,
80.618,
81.561,
82.373,
82.701,
82.682,
82.604,
83.366,
83.520,
88.098,
81.873,
84.128,
83.230,
82.752,
81.962,
82.589,
82.240,
82.056,
83.572,
81.560,
82.995,
81.348,
82.353,
82.824,
82.914,
84.169,
82.477,
81.585,
83.675,
83.620,
82.156,
81.594,
82.085,
82.032,
82.377,
82.287,
82.563,
81.469,
82.515,
82.588,
82.496,
82.361,
81.526,
81.850,
81.738,
82.157,
82.321,
81.449,
82.692,
81.908,
82.550,
81.466,
81.741,
81.840,
81.568,
81.608,
81.574,
81.789,
81.604,
82.333,
82.368,
81.597,
81.561,
81.870,
81.597,
81.440,
82.723,
81.807,
81.719,
81.863,
81.869,
81.629,
82.139,
81.545,
81.955,
82.893,
81.764,
81.735,
82.555,
81.890,
81.670,
81.673,
82.691,
81.711,
82.233,
81.453,
81.614,
82.239,
81.785,
84.057,
82.480,
81.740,
82.484,
81.387,
81.436,
81.651,
82.134,
81.607,
81.966,
81.605,
82.604,
82.125,
82.346,
81.559,
81.915,
82.258,
81.607,
82.121,
82.574,
82.130,
81.774,
82.094,
81.722,
81.531,
81.823,
81.653,
81.721,
81.773,
81.677,
81.622,
81.552,
82.598,
82.063,
81.503,
82.184,
82.549,
82.589,
84.262,
81.701,
82.455,
81.487,
81.526,
82.714,
82.463,
82.557,
82.445,
81.852,
82.618,
81.455,
81.978,
81.725,
82.550,
81.798,
82.501,
83.330,
81.855,
81.571,
81.918,
82.466,
81.895,
81.549,
81.655,
81.610,
81.493,
84.044,
82.904,
82.429,
81.857,
81.673,
81.367,
82.116,
82.571,
81.613,
81.602,
81.706,
83.994,
81.921,
81.796,
82.528,
82.603,
82.564,
81.858,
82.555,
82.597,
82.079,
81.578,
81.447,
82.708,
81.777,
81.774,
82.556,
81.813,
81.947,
82.789,
81.568,
81.950,
82.807,
81.576,
81.851,
81.859,
82.547,
81.622,
82.666,
81.866,
82.605,
81.558,
81.971,
81.945,
82.457,
81.857,
81.493,
81.742,
81.689,
81.713,
81.877,
84.106,
81.309,
82.432,
81.749,
81.608,
81.254,
82.590,
82.611,
81.541,
82.761,
81.677,
81.397,
81.713,
81.355,
82.450,
82.066,
82.472,
82.841,
83.419,
82.426,
82.232,
82.426,
81.609,
81.372,
83.287,
82.538,
81.631,
82.550,
81.556,
82.232,
81.660,
81.635,
82.491,
81.454,
81.420,
81.411,
81.762,
81.341,
81.566,
82.432,
81.745,
81.365,
81.399,
81.633,
80.813,
82.431,
81.323,
81.357,
81.521,
81.630,
81.441,
81.477,
82.088,
81.321,
82.468,
81.483,
81.356,
82.282,
82.221,
81.355,
82.450,
82.248,
81.323,
81.358,
82.315,
82.430,
82.448,
81.358,
82.357,
82.452,
82.428,
81.385,
82.443,
81.348,
81.355,
82.529,
82.431,
82.323,
82.529,
82.535,
81.352,
81.513,
81.353,
82.228,
81.472,
82.450,
81.354,
81.958,
82.454,
81.319,
82.432,
82.133,
82.449,
81.939,
82.519,
82.450,
82.460,
82.272,
81.988,
82.518,
82.381,
82.649,
82.385,
81.355,
82.230,
81.428,
81.478,
81.285,
82.448,
86.519,
81.515,
82.429,
81.858,
81.360,
81.668,
81.511,
81.073,
82.430,
84.048,
83.177,
82.430,
82.443,
82.356,
81.356,
84.219,
82.521,
82.582,
81.913,
82.432,
84.102,
81.478,
82.130,
81.467,
82.320,
81.320,
81.365,
82.200,
81.924,
81.321,
81.511,
82.237,
81.556,
81.077,
81.275,
80.947,
82.062,
81.854,
82.449,
81.656,
85.504,
81.975,
82.450,
90.520,
81.426,
85.356,
83.961,
81.925,
82.353,
81.423,
84.277,
82.249,
82.081,
82.313,
81.464,
82.591,
81.799,
82.259,
82.824,
83.728,
81.696,
83.797,
81.344,
81.421,
83.142,
81.352,
81.684,
81.851,
81.296,
81.562,
82.414,
81.391,
82.125,
81.305,
81.112,
82.372,
81.597,
82.130,
82.950,
81.328,
81.899,
82.597,
81.295,
81.516,
82.555,
82.160,
82.352,
82.050,
82.702,
82.129,
81.504,
81.606,
82.131,
81.627,
82.382,
82.487,
83.496,
81.526,
83.409,
82.522,
83.068,
83.449,
81.524,
81.429,
82.593,
81.611,
81.980,
81.391,
82.062,
88.322,
83.892,
83.803,
82.195,
81.523,
81.761,
82.333,
82.193,
82.537,
82.317,
81.724,
82.482,
81.761,
82.588,
81.459,
81.761,
81.903,
81.904,
81.891,
82.974,
82.917,
82.702,
81.149,
81.993,
82.966,
82.421,
82.192,
82.040,
81.920,
82.320,
81.545,
83.960,
81.583,
81.475,
81.418,
81.608,
81.322,
82.157,
81.947,
82.070,
81.313,
82.054,
82.523,
82.496,
81.947,
84.363,
82.514,
81.947,
84.021,
86.129,
83.270,
81.947,
81.982,
81.984,
82.077,
82.378,
82.552,
81.584,
82.598,
82.010,
81.569,
81.470,
81.758,
82.026,
81.365,
81.060,
82.131,
81.335,
81.278,
81.576,
82.041,
81.611,
81.756,
82.124,
81.772,
81.804,
81.671,
81.574,
83.624,
81.239,
82.122,
83.452,
83.476,
81.288,
81.496,
81.565,
81.471,
82.159,
81.316,
81.558,
81.910,
81.371,
81.580,
81.643,
82.711,
81.968,
83.914,
82.083,
81.390,
81.514,
82.099,
81.834,
81.970,
81.498,
81.410,
81.477,
81.366,
81.977,
83.025,
83.593,
81.755,
81.459,
82.646,
81.343,
81.740,
83.217,
81.569,
81.947,
83.138,
81.469,
81.548,
81.563,
84.083,
81.844,
83.380,
83.016,
81.371,
81.426,
81.102,
81.801,
81.435,
81.394,
85.960,
81.705,
81.854,
81.591,
83.755,
81.338,
81.271,
83.360,
81.380,
83.269,
81.514,
81.287,
82.983,
83.027,
81.371,
82.525,
81.329,
81.943,
81.409,
82.182,
82.472,
81.755,
82.815,
81.834,
81.668,
81.399,
81.365,
81.813,
81.300,
81.462,
82.027,
82.609,
82.565,
81.420,
81.333,
81.335,
82.063,
83.910,
81.424,
81.766,
81.379,
81.417,
82.995,
83.272,
81.942,
80.886,
81.545,
81.813,
81.339,
85.982,
81.744,
81.591,
82.323,
81.252,
81.225,
81.307,
81.798,
82.099,
81.638,
81.253,
],
}


'''
Results for RHC: 
Correctly classified 764.0 instances.
Incorrectly classified 236.0 instances.
Percent correctly classified: 76.400%
Training time: 3.709 seconds
Testing time: 0.004 seconds

Results for SA: 
Correctly classified 733.0 instances.
Incorrectly classified 267.0 instances.
Percent correctly classified: 73.300%
Training time: 3.023 seconds
Testing time: 0.004 seconds

Results for GA: 
Correctly classified 763.0 instances.
Incorrectly classified 237.0 instances.
Percent correctly classified: 76.300%
Training time: 72.068 seconds
Testing time: 0.004 seconds

Results for GD: 
Correctly classified 725.0 instances.
Incorrectly classified 175.0 instances.
Percent correctly classified: 72.500%
Training time: 6.560 seconds
Testing time: 0.004 seconds
'''
