NaN
0.5435644431995964
0.5435644431995964
0.8112781244591328
0.5435644431995964
0.8112781244591328
0.8112781244591328
0.9544340029249649
0.5435644431995964
0.8112781244591328
0.8112781244591328
0.9544340029249649
0.8112781244591328
0.9544340029249649
0.9544340029249649
1.0
0.5435644431995964
0.8112781244591328
0.8112781244591328
0.9544340029249649
0.8112781244591328
0.9544340029249649
0.9544340029249649
1.0
0.8112781244591328
0.9544340029249649
0.9544340029249649
1.0
0.9544340029249649
1.0
1.0
0.9544340029249649
0.5435644431995964
0.8112781244591328
0.8112781244591328
0.9544340029249649
0.8112781244591328
0.9544340029249649
0.9544340029249649
1.0
0.8112781244591328
0.9544340029249649
0.9544340029249649
1.0
0.9544340029249649
1.0
1.0
0.9544340029249649
0.8112781244591328
0.9544340029249649
0.9544340029249649
1.0
0.9544340029249649
1.0
1.0
0.9544340029249649
0.9544340029249649
1.0
1.0
0.9544340029249649
1.0
0.9544340029249649
0.9544340029249649
0.8112781244591328
0.5435644431995964
0.8112781244591328
0.8112781244591328
0.9544340029249649
0.8112781244591328
0.9544340029249649
0.9544340029249649
1.0
0.8112781244591328
0.9544340029249649
0.9544340029249649
1.0
0.9544340029249649
1.0
1.0
0.9544340029249649
0.8112781244591328
0.9544340029249649
0.9544340029249649
1.0
0.9544340029249649
1.0
1.0
0.9544340029249649
0.9544340029249649
1.0
1.0
0.9544340029249649
1.0
0.9544340029249649
0.9544340029249649
0.8112781244591328
0.8112781244591328
0.9544340029249649
0.9544340029249649
1.0
0.9544340029249649
1.0
1.0
0.9544340029249649
0.9544340029249649
1.0
1.0
0.9544340029249649
1.0
0.9544340029249649
0.9544340029249649
0.8112781244591328
0.9544340029249649
1.0
1.0
0.9544340029249649
1.0
0.9544340029249649
0.9544340029249649
0.8112781244591328
1.0
0.9544340029249649
0.9544340029249649
0.8112781244591328
0.9544340029249649
0.8112781244591328
0.8112781244591328
0.5435644431995964
0.5435644431995964
0.8112781244591328
0.8112781244591328
0.9544340029249649
0.8112781244591328
0.9544340029249649
0.9544340029249649
1.0
0.8112781244591328
0.9544340029249649
0.9544340029249649
1.0
0.9544340029249649
1.0
1.0
0.9544340029249649
0.8112781244591328
0.9544340029249649
0.9544340029249649
1.0
0.9544340029249649
1.0
1.0
0.9544340029249649
0.9544340029249649
1.0
1.0
0.9544340029249649
1.0
0.9544340029249649
0.9544340029249649
0.8112781244591328
0.8112781244591328
0.9544340029249649
0.9544340029249649
1.0
0.9544340029249649
1.0
1.0
0.9544340029249649
0.9544340029249649
1.0
1.0
0.9544340029249649
1.0
0.9544340029249649
0.9544340029249649
0.8112781244591328
0.9544340029249649
1.0
1.0
0.9544340029249649
1.0
0.9544340029249649
0.9544340029249649
0.8112781244591328
1.0
0.9544340029249649
0.9544340029249649
0.8112781244591328
0.9544340029249649
0.8112781244591328
0.8112781244591328
0.5435644431995964
0.8112781244591328
0.9544340029249649
0.9544340029249649
1.0
0.9544340029249649
1.0
1.0
0.9544340029249649
0.9544340029249649
1.0
1.0
0.9544340029249649
1.0
0.9544340029249649
0.9544340029249649
0.8112781244591328
0.9544340029249649
1.0
1.0
0.9544340029249649
1.0
0.9544340029249649
0.9544340029249649
0.8112781244591328
1.0
0.9544340029249649
0.9544340029249649
0.8112781244591328
0.9544340029249649
0.8112781244591328
0.8112781244591328
0.5435644431995964
0.9544340029249649
1.0
1.0
0.9544340029249649
1.0
0.9544340029249649
0.9544340029249649
0.8112781244591328
1.0
0.9544340029249649
0.9544340029249649
0.8112781244591328
0.9544340029249649
0.8112781244591328
0.8112781244591328
0.5435644431995964
1.0
0.9544340029249649
0.9544340029249649
0.8112781244591328
0.9544340029249649
0.8112781244591328
0.8112781244591328
0.5435644431995964
0.9544340029249649
0.8112781244591328
0.8112781244591328
0.5435644431995964
0.8112781244591328
0.5435644431995964
0.5435644431995964
0.0
